462313394 246498374 439473939
695463133 455838449 442377584
246441628 874773070 832857046
788265107 352665118 830275114
64287408 10782130 706358948
156797985 188912041 755666039
864267168 362416352 917463312
485105322 55029392 761429681
694469184 61031198 467078526
237862995 977018831 672827172
851093538 49325256 403521061
273453261 733180694 48945623
660308400 304896616 737093416
709011353 84019320 234541629
404584118 763990184 564636161
485300949 339877281 940330735
151193680 816330836 536124802
211864701 834412096 965206804
884035268 225108517 454357693
212521827 777833300 22814168
794934753 380879109 305565079
498091716 248800795 856598251
397484910 442148829 747780924
160164373 471257451 240322986
878352303 104951166 57549457
819482320 69628569 333649432
565019680 764175020 483051113
918258869 363959126 294987970
63457045 286416550 773173500
478929984 762895051 77274997
202326504 885256369 664881237
895184807 749138597 164511509
576303077 657506639 370249597
864649299 673499697 262127543
949741445 768265798 168280063
977450275 314163460 266095755
761037333 916069137 44919648
645194798 752186826 471582386
41135785 255411877 383492594
241074825 954049177 450791165
844623477 514913452 250545282
65779359 365146554 909949920
639865134 37259597 886919547
557821663 971792323 474425773
811956965 391108694 183441018
247137862 30692920 25426513
301816717 263986337 893421989
772261609 703917764 2350290
566381044 360565046 448338260
736095088 314325270 119260357
447719848 44581913 393631317
375450355 418054259 325016113
921190250 556351461 557441157
460382417 477349293 844217862
866911672 934036043 424805159
205169562 518795657 577980023
167217359 925035075 628436359
627749029 675512135 977109991
860752395 605379985 945209565
948417611 703575315 244603329
481690050 151675652 268741656
865863062 756154843 794710036
883183569 18672484 206090831
838590572 748605130 533879693
238916667 985875132 77299035
443556979 808959578 512610142
392245625 558299052 498150200
669627207 631527309 1515377
587563743 447799856 925779983
232767124 143149883 738600128
329962519 592654997 233348772
92237740 20733255 191169802
116448103 256554684 816104353
500445266 943805203 507691154
201705089 288559239 606507483
799592692 409694977 773474860
277930974 174991709 800266072
39553766 912173300 483361136
605213822 822645338 493855590
10025998 257681427 740511924
833889139 174853260 536148481
75683929 104630935 834420171
847774822 841063617 539805579
48900482 941992364 482629953
555809189 88196213 661328299
18238912 552370304 581230412
405116935 526858755 7760129
51959932 335733592 818378911
411206448 390527298 392006738
884998998 652179512 975856085
407226489 965458686 881897507
499315152 327340121 531445073
229053227 496377720 92805380
867485139 833498544 931778440
120225237 38432365 822465165
185062449 45347804 494656650
978640873 458717587 102995793
586449325 589326250 745857568
462610204 546450533 961669190
86366597 243956437 881123823
593948916 369938039 128078857
845640750 586071246 143307249
461531996 761383459 291575860
755082011 382673275 475118092
63042394 15142545 52059062
913678733 746458907 732498079
804983782 893736633 143626869
326219891 943271715 272357201
511243526 93342324 831573429
594981566 952498069 21109138
812517424 457615396 904223900
392838848 990025165 69390405
838692145 621966442 977334257
481380502 562491039 709249802
305863005 842395256 695558395
855847114 956576926 845499497
207338974 189286704 103152988
616453328 932362704 116753262
326317693 74603289 855741553
224209467 7699152 769104731
378096944 401814890 791267565
144119306 12365646 434722665
636368394 144904679 657993895
43707841 462543720 948868296
672443681 84861655 889660709
818400291 912544472 336755429
484003651 765875120 10255137
685177754 609472099 774902368
518826720 506461161 950389840
672632576 208113772 912070090
581525064 157042270 34183263
110391979 438753627 891439194
446092107 221154798 261039940
217934520 292206914 525943231
484644315 452709768 110113652
761172820 771316925 844862218
607960792 608031382 945044821
17434328 175616418 770727428
629186247 18359524 586416598
753107779 382866841 393305356
442385394 362594978 426550900
510217659 996305452 594691892
572155540 767799974 327817169
445752124 970566677 558230990
239864284 828931666 673863957
104040684 359869108 879829701
291241980 586839850 665992707
950540245 589006128 425984671
552628382 447779596 251315550
457933152 407377193 104708390
974556061 709502095 429502968
384539550 767887157 861850912
290185004 428125297 440514218
170653174 514144625 877061597
701292907 418857887 148708133
308102132 67666219 159422723
672702548 585532573 157741849
152341841 759952889 403242552
678129854 922587026 774192416
702806582 152919325 870382640
180456198 468186544 365652610
573394576 91231262 241542797
52178287 437350719 171783962
355249071 730848624 655081615
750493765 983886528 208160032
621127619 364985099 572736134
765635506 368465824 464520523
548819845 783795433 175961833
308852091 748697975 935169060
605449548 515241011 611374731
168725304 10298008 637643113
512127976 59117048 307244031
281837752 89861902 164482951
224504788 44586738 70645973
537205510 291382014 91118910
814770613 773721780 59300446
670163633 872799494 320507677
549935375 866841005 485188061
968774325 770422533 978058117
296016114 787280390 635107974
434071682 351696832 831355501
163406434 258094606 212331681
630307423 698459065 142824187
451462076 13701950 745626416
632581881 604636873 844684144
986966900 925059466 51679079
705549176 906427322 664109113
269796751 666345955 297249956
450290803 188756424 410589370
24668003 463436309 995470777
110922202 756789112 167542447
936860087 74725680 295001386
566716536 530607530 605513310
380624723 314640765 759356648
650032791 425523439 424843645
379594334 497705999 923188374
10574562 526985012 285004232
1726393 107995995 711191849
936904881 81901201 604782733
611934327 621232484 30121079
44551026 797215868 507983209
10630132 496602410 411377806
897212193 404363363 254014112
886854272 289714266 785992004
925288347 647178929 666837826
851259673 407019176 805006215
222533080 455084294 500290452
155123062 9772788 218504576
223765575 374949447 900154088
18177647 275336764 447031909
743083071 179815585 993112047
709195051 466109549 907302732
965561571 479590716 511283536
679026192 687552508 521531206
475787337 737150773 858983514
810477806 807852995 205799337
410115164 714314429 240158290
162339022 818858980 415900570
503995443 872003354 56453112
835699682 234320307 510355366
516068197 116675867 590923466
91180768 804083436 342886527
253599139 917130049 269813330
356957139 580762048 5998718
144176889 631074099 896123136
958585592 409268540 917579450
648731375 96229478 353465408
853737384 410570933 874646483
527029740 686652721 814116765
284394071 354515791 728596537
560890485 539929041 895591592
123223773 61281480 988980073
444554504 719024852 905225725
624410110 721878126 105745791
586329753 728089849 994480665
348108376 760815019 61777927
753972149 634938493 690550671
361992768 701471291 566995732
980573154 426532643 947959576
880089164 714441396 154861856
523229211 161959694 978791714
363123309 515843931 768752221
414425151 594757432 250447465
882539508 978075067 785141384
67354059 351165751 960153154
196202467 276477390 90275325
141326637 961932434 111475251
566932486 327785488 639981011
507092865 578264817 488356824
703655353 165821724 959326946
53238617 256281881 731940115
604742962 998346169 924405189
333523767 627146999 953727447
154235466 653401537 841374031
16140903 322482179 419604475
784202498 676631138 473559881
904425478 420317255 448206297
386148953 348177872 674827695
12925778 822415256 650255286
710053064 148685093 300915064
604083519 397504417 918380468
743518681 827954296 635464800
27794913 748764922 75380292
388304305 347611849 171344763
492977186 958771750 171518541
270974043 95935210 188676294
482377588 13977893 429893874
229829415 463872626 142611645
96722076 339191140 276691542
760219089 72260118 883858808
512488577 404280797 59207916
95970426 893436524 101701175
869551551 618269629 230839123
737167846 180238025 117747713
665723865 22367511 531162412
61493344 918599158 116134385
94467217 446530103 203479281
216167500 165146874 704489350
607763003 640356489 374277124
815993946 355399537 68149222
313442099 361210635 966904804
264244167 146416195 398311162
592470221 203020019 380104673
197746526 679693974 962486927
760920246 997392759 218022654
772305096 479545729 826242315
24502252 414647729 350783727
646617959 493046932 386265817
274054247 421464252 593611089
62414002 440589471 578730538
720145347 198542548 657868524
287159178 161416811 833366841
915524899 359927040 462861391
301156812 279761432 825751924
541778329 615144576 353366580
159388426 419472060 381465841
852529943 260413536 941879612
279792739 588321302 739614071
645507199 298579341 776071422
596042811 584374210 687021263
536991714 184194827 347956732
850599681 358220399 848079070
367613876 95452838 643455278
973129711 39296979 680553111
191908378 245724344 21894590
970026335 755052295 171885499
830455168 850574652 164757701
849924247 427851296 115918770
167082509 297860544 562118137
978552899 75379455 929002233
35479760 810508906 763627250
56599050 136098394 392752673
201611470 224300609 98720935
67154043 999585976 825368868
42596365 242618061 85655852
192074041 217267553 514486978
710017113 60762641 108692784
116328963 223432712 319711491
137322421 525229506 576909770
710145567 880227494 478876676
753901989 450253639 446699956
186442238 600601890 273826958
811428221 835188116 203087764
798870271 937273011 118201996
969808911 656196693 407761130
125836448 236765230 143122739
509423967 451577227 261757261
210875898 898062590 345723371
686990715 715047688 809358991
263912434 13812488 788820083
200396124 307311220 435567993
494324214 484716383 841146236
637291270 797005457 864502795
273556474 179843960 542747466
872959394 530758884 540702946
472240397 167813634 26719187
648988965 314107933 937009808
853659808 993890344 491708367
806520780 677060446 775752734
80436306 510828663 622299039
721280170 148030906 317110447
867241229 394552902 166793881
547394205 44060419 768586620
699274253 955728275 406354258
884163366 824320550 836553290
284169654 417948700 759651717
392521683 21019003 44438706
367906127 143448189 823796183
760365633 607144851 274374286
560697141 146597284 885572249
261154697 373893921 141515818
74471582 521235612 978660319
299370742 336152110 128237971
31526664 214618222 718551801
682064230 494313229 403655156
810412739 977292018 219299205
525119343 93754241 534177117
562578854 533837007 849725788
982120937 659984276 635528949
456602213 475487643 344173074
78679528 637579558 968601387
160031723 627472823 232560802
304051229 668275688 506441581
18309425 398778822 490863734
858635559 357365463 624791316
273916243 228717506 827385379
543394094 743541032 207981687
496297015 410618577 427134713
664376577 329641969 578413032
55986747 324671440 642201999
943506059 3287368 876274897
479999845 581264775 524062989
273590015 47701611 689282339
793327369 248450919 854811775
361672090 457285435 608935671
87685653 73649515 755453124
466594140 472884022 734714266
968218176 66792907 182483204
663602938 721430139 47611261
906138185 693438728 42529155
745765233 721295159 390593007
742781178 865433254 9585518
785830993 672191483 809312645
153635756 888189437 338937306
546227445 659656673 669943664
663174220 443196884 248239791
476456369 240398143 94730012
711788241 16744050 666303820
981817280 611336048 746942742
9565250 682122808 756390694
996756847 846531569 237788831
308151198 617817168 678304927
464675714 509394612 814123153
477541446 303792517 866104105
161773062 360826023 977324585
635851168 727967991 140188971
82160732 493962110 197359726
389031825 660059510 631947979
607562617 235315144 561417197
256244744 693780689 255028194
686354798 760133751 731637032
250605006 858110772 203857565
486117663 909895558 808724819
908024389 134291153 180160935
415193377 700945700 452120889
986997391 603526114 318192690
606341900 295345350 717498147
871522714 434946543 472030644
906374058 959924125 674496797
550344335 48876355 803683191
481394329 77100313 827479465
829926983 604941985 648430848
895502967 329535018 844520847
897362710 566514178 796807259
721428461 369466677 76696671
543004246 852496134 892651759
866744081 609641934 189565288
64403814 343589084 908135457
889243150 847836010 200254003
106086786 298779542 55992226
227994330 100056835 262661242
400063074 363228521 537506289
152823663 781964579 150499441
453649707 164214381 528924167
568788754 677309685 579575453
815827050 323313692 364712905
915266789 847659321 544706529
40581992 673348012 249569936
115867487 536628511 883954977
638972099 883000211 829746494
370253467 152519475 142418525
471018358 631910849 989640238
917436453 990279871 580984399
948678683 829338031 237341420
194871386 410780418 991003232
824096745 258001842 349753350
115630690 657659871 132678432
28711498 916844730 787643627
664353615 71534697 276687157
865081339 468168803 399373936
895089584 758326088 28564853
319542429 586820564 377423948
571306805 340498320 42744032
486776181 711234258 575610253
585470927 53029135 616071963
268727401 473002196 371748654
718086468 139270047 334348731
320558053 591669169 563469131
359572642 578778393 215547835
938481640 14124301 753910162
670352607 995446285 329838858
79321848 313116015 266123413
546229967 373212044 459469954
203457011 86247627 967031975
704374354 785621895 969149653
617889654 876040469 712481472
164556859 3427136 308280113
707067390 377052407 172078390
131847854 855359253 711511754
590533016 209427491 269980518
961046375 152362790 311325464
545932356 945188444 199769059
38792148 779062461 137799469
237556301 995429233 234711586
623822300 407098756 797660300
794859821 428082421 708955001
781932524 666447845 853314429
815011887 349040574 503890408
612018160 75108718 649651068
475845996 373562903 59742926
825220421 850826632 882931195
992178674 875283696 868779591
364589732 346410947 373972122
611857910 800782502 719099363
588255907 983636171 216935763
473696360 970330278 824885310
795565646 906707143 36358124
677151015 333084630 392120761
440861047 974384887 840549832
456664234 641991812 345466063
356741299 430072490 997924081
461970057 915708222 80254921
133092411 182929046 303464302
333029903 715584997 696713185
195957029 518875616 473338706
190579659 22047091 315502511
914916666 382607199 338544758
172342402 906696640 405606200
127230855 633408758 462698262
492713854 745152573 524974203
302894559 282242309 621459959
582046969 710727862 455699409
285260790 161546932 807455022
42738862 477009791 833624085
973995368 973543997 311622729
3760994 177155313 410324011
341864725 836271309 887532506
155865385 108771899 401063509
102415353 163170269 449694674
91591292 77227852 391095964
506922484 391471614 302354457
32253955 861518521 777227921
877707763 234202870 244327663
305730400 23675096 219228050
896651140 549782224 243050525
523303135 333608906 569051353
263614938 952721011 765028516
491283849 920890094 564929960
41441134 443939241 885858462
232516265 858030130 27793454
336819936 270476507 486529016
696060570 641688275 967148890
9115359 673958799 884383091
423393065 132376121 357817611
76451522 344193028 66094131
714836622 938745455 883827852
443062051 364285069 103898132
791221696 850030307 449740216
315683133 315977481 704619774
259209578 404291094 229078345
405773187 157427217 176037335
250534172 155464495 701886470
217587559 444909854 300679413
154989657 252087858 465405518
969693453 219474018 49626362
267592944 312802484 791846786
589779880 784630276 993268847
465864849 960305806 50407376
946060220 693914115 938245002
81834193 110994275 195831822
813806061 815145435 250091738
907723998 628389801 218122854
821174098 628697233 683922152
305796492 861292438 827443844
514033511 57288695 928064212
310197694 566653761 452329929
176526326 634372492 12335861
265737394 235171077 736627561
375785796 411239245 764566269
822575504 273417811 46244786
313419309 547094810 838031712
339521028 30904491 374348206
483030523 411736279 857393605
214419869 112354414 943067921
918626668 473156908 572503044
444598077 97504607 632553232
754059780 786185933 593870659
251620921 122890932 789612931
511821219 186874306 28730034
237617959 514537440 539401107
586015303 616116199 522329300
236681858 385722553 41083875
2049612 988275578 280433090
994267801 263034209 686577361
202720539 402852183 620035667
955517440 176847481 978167152
775275379 482740753 406852876
795533400 40003399 837386847
737133852 182412312 967331441
146887233 447422512 122309514
161243196 654037504 162476442
457446297 930202090 996652176
570656793 804686264 612319335
623475252 551108910 54670735
653349026 466341378 580610661
693598943 893513697 884225973
444785888 821309494 537542323
413913557 158113035 711563103
556045508 751157775 683176498
601634103 573254789 279009317
480261404 371004192 59160650
448364770 868123482 579140199
755789268 658180679 917052275
392517075 121406367 151869427
531282747 935979455 852174243
593543459 261137808 624219752
958347417 11349579 94295156
604847751 583205750 713243834
609959555 257903923 535849889
281469061 404084744 799996563
149299563 872696071 548509881
879613903 331011828 198396386
56277199 968119666 920395198
491304732 846735066 389597514
371134567 513063934 834138940
538425641 123530115 592295724
370779830 292246626 214776955
890205222 410778733 941295203
517856209 969406638 323168839
947107912 520005268 100425241
859185023 979961675 666835875
830581931 959860755 368046047
859574479 160637962 387739884
137992281 15525014 443945601
5534281 920837996 375389664
856111430 538688036 918277789
697266378 627073425 902282941
682048349 59191757 159388490
1492325 583885827 835051866
973550934 161286410 388380298
0 0 0
